Mstar = 10mdot, Sigma0 = 500g/cm^2, rcrit = 30AU, Age = 1 Myr
Radius (AU)              Max Size (mm)
1.000000000000000000e+01 4.161439864983075942e+00
1.023531021899026250e+01 4.122072805618922864e+00
1.047615752789664612e+01 4.082324614285823827e+00
1.072267222010323096e+01 4.042196010930360295e+00
1.097498765493056183e+01 4.001688031824935265e+00
1.123324032978027631e+01 3.960802042544815382e+00
1.149756995397735615e+01 3.919539751100811653e+00
1.176811952434998432e+01 3.877903221207380291e+00
1.204503540258782301e+01 3.835894885663980514e+00
1.232846739442065953e+01 3.793517559825604124e+00
1.261856883066020352e+01 3.750774455136127727e+00
1.291549665014884063e+01 3.707669192696012583e+00
1.321941148466028793e+01 3.664205816833628671e+00
1.353047774579806806e+01 3.620388808646981982e+00
1.384886371393873183e+01 3.576223099480375200e+00
1.417474162926805548e+01 3.531714084297839840e+00
1.450828778495939453e+01 3.486867634912722114e+00
1.484968262254465010e+01 3.441690113030138054e+00
1.519911082952933867e+01 3.396188383056327975e+00
1.555676143930472222e+01 3.350369824626210136e+00
1.592282793341092173e+01 3.304242344797676090e+00
1.629750834620644184e+01 3.257814389858425308e+00
1.668100537200059108e+01 3.211094956688273161e+00
1.707352647470690599e+01 3.164093603617148531e+00
1.747528400007684013e+01 3.116820460716173802e+00
1.788649529057435217e+01 3.069286239456568754e+00
1.830738280295367915e+01 3.021502241668300393e+00
1.873817422860383886e+01 2.973480367727949325e+00
1.917910261672488659e+01 2.925233123902654775e+00
1.963040650040270307e+01 2.876773628774635050e+00
2.009233002565046888e+01 2.828115618668516795e+00
2.056512308348651530e+01 2.779273452001687961e+00
2.104904144512020636e+01 2.730262112475895897e+00
2.154434690031884614e+01 2.681097211026768345e+00
2.205130739903045622e+01 2.631794986446525542e+00
2.257019719633920474e+01 2.582372304593946399e+00
2.310129700083160387e+01 2.532846656105085525e+00
2.364489412645407285e+01 2.483236152517648510e+00
2.420128264794382034e+01 2.433559520722042624e+00
2.477076355991711409e+01 2.383836095652577480e+00
2.535364493970111255e+01 2.334085811133150834e+00
2.595024211399735847e+01 2.284329188793299270e+00
2.656087782946686815e+01 2.234587324972487021e+00
2.718588242732939975e+01 2.184881875533146722e+00
2.782559402207124322e+01 2.135235038506249072e+00
2.848035868435801987e+01 2.085669534497263111e+00
2.915053062825177221e+01 2.036208584784937159e+00
2.983647240283340452e+01 1.986875887050945977e+00
3.053855508833415655e+01 1.937695588684666959e+00
3.125715849688236858e+01 1.888692257614534631e+00
3.199267137797384564e+01 1.839890850625382379e+00
3.274549162877728037e+01 1.791316679130142919e+00
3.351602650938842487e+01 1.742995372374066099e+00
3.430469286314919231e+01 1.694952838060416411e+00
3.511191734215130822e+01 1.647215220398304369e+00
3.593813663804627367e+01 1.599808855585997724e+00
3.678379771828634404e+01 1.552760224756681184e+00
3.764935806792467332e+01 1.506095904428185195e+00
3.853528593710529293e+01 1.459842514513655987e+00
3.944206059437656364e+01 1.414026663966543529e+00
4.037017258596554115e+01 1.368674894150403887e+00
4.132012400115338835e+01 1.323813620042026740e+00
4.229242874389498752e+01 1.279469069395049896e+00
4.328761281083059487e+01 1.235667220010494560e+00
4.430621457583882261e+01 1.192433735280532314e+00
4.534878508128581842e+01 1.149793898191954433e+00
4.641588833612780007e+01 1.107772543996358161e+00
4.750810162102798273e+01 1.066393991774734706e+00
4.862601580065353346e+01 1.025681975144682401e+00
4.977023564332111505e+01 9.856595723789829400e-01
5.094138014816380178e+01 9.463491362242132388e-01
5.214008287999684654e+01 9.077722237275255290e-01
5.336699231206309690e+01 8.699495263982944815e-01
5.462277217684342645e+01 8.329008010488698766e-01
5.590810182512222326e+01 7.966448016748489680e-01
5.722367659350219782e+01 7.611992127499709326e-01
5.857020818056667366e+01 7.265805843235209061e-01
5.994842503189408944e+01 6.928042693188134482e-01
6.135907273413175744e+01 6.598843634397111302e-01
6.280291441834253163e+01 6.278336480977554368e-01
6.428073117284321825e+01 5.966635367752622932e-01
6.579332246575683030e+01 5.663840252393407271e-01
6.734150657750821267e+01 5.370036460179246074e-01
6.892612104349699109e+01 5.085294275414125043e-01
7.054802310718645231e+01 4.809668583421934929e-01
7.220809018385463673e+01 4.543198566889108947e-01
7.390722033525779011e+01 4.285907460127680868e-01
7.564633275546290747e+01 4.037802364593284787e-01
7.742636826811269657e+01 3.798874128710316711e-01
7.924828983539177329e+01 3.569097294730925185e-01
8.111308307896872805e+01 3.348430114985568862e-01
8.302175681319744172e+01 3.136814639471283694e-01
8.497534359086446898e+01 2.934176876272394097e-01
8.697490026177834466e+01 2.740427025817815943e-01
8.902150854450388806e+01 2.555459789453498054e-01
9.111627561154895716e+01 2.379154752251496086e-01
9.326033468832198992e+01 2.211376839392113214e-01
9.545484566618341660e+01 2.051976844849142112e-01
9.770099572992256753e+01 1.900792030484782513e-01
1.000000000000000000e+02 1.757646793027768106e-01
