radius (AU)              fd (alpha = 1e-5)        fd (alpha = 1e-4)        fd (alpha = 1e-3)        fd (alpha = 1e-2)

1.000000000000000000e+01 9.999999999999999547e-08 9.999999999999999547e-08 9.999999999999999547e-08 9.999999999999999547e-08
1.023531021899026250e+01 9.999999999999999547e-08 9.999999999999999547e-08 9.999999999999999547e-08 9.999999999999999547e-08
1.047615752789664612e+01 9.999999999999999547e-08 9.999999999999999547e-08 9.999999999999999547e-08 9.999999999999999547e-08
1.072267222010323096e+01 9.999999999999999547e-08 9.999999999999999547e-08 9.999999999999999547e-08 9.999999999999999547e-08
1.097498765493056183e+01 9.999999999999999547e-08 9.999999999999999547e-08 9.999999999999999547e-08 9.999999999999999547e-08
1.123324032978027631e+01 9.999999999999999547e-08 9.999999999999999547e-08 9.999999999999999547e-08 9.999999999999999547e-08
1.149756995397735615e+01 9.999999999999999547e-08 9.999999999999999547e-08 9.999999999999999547e-08 9.999999999999999547e-08
1.176811952434998432e+01 9.999999999999999547e-08 9.999999999999999547e-08 9.999999999999999547e-08 9.999999999999999547e-08
1.204503540258782301e+01 9.999999999999999547e-08 9.999999999999999547e-08 9.999999999999999547e-08 9.999999999999999547e-08
1.232846739442065953e+01 9.999999999999999547e-08 9.999999999999999547e-08 9.999999999999999547e-08 9.999999999999999547e-08
1.261856883066020352e+01 9.999999999999999547e-08 9.999999999999999547e-08 9.999999999999999547e-08 9.999999999999999547e-08
1.291549665014884063e+01 9.999999999999999547e-08 9.999999999999999547e-08 9.999999999999999547e-08 9.999999999999999547e-08
1.321941148466028793e+01 9.999999999999999547e-08 9.999999999999999547e-08 9.999999999999999547e-08 9.999999999999999547e-08
1.353047774579806806e+01 9.999999999999999547e-08 9.999999999999999547e-08 9.999999999999999547e-08 9.999999999999999547e-08
1.384886371393873183e+01 9.999999999999999547e-08 9.999999999999999547e-08 9.999999999999999547e-08 9.999999999999999547e-08
1.417474162926805548e+01 9.999999999999999547e-08 9.999999999999999547e-08 9.999999999999999547e-08 9.999999999999999547e-08
1.450828778495939453e+01 9.999999999999999547e-08 9.999999999999999547e-08 9.999999999999999547e-08 9.999999999999999547e-08
1.484968262254465010e+01 9.999999999999999547e-08 9.999999999999999547e-08 9.999999999999999547e-08 9.999999999999999547e-08
1.519911082952933867e+01 9.999999999999999547e-08 9.999999999999999547e-08 9.999999999999999547e-08 9.999999999999999547e-08
1.555676143930472222e+01 9.999999999999999547e-08 9.999999999999999547e-08 9.999999999999999547e-08 9.999999999999999547e-08
1.592282793341092173e+01 9.999999999999999547e-08 9.999999999999999547e-08 9.999999999999999547e-08 9.999999999999999547e-08
1.629750834620644184e+01 9.999999999999999547e-08 9.999999999999999547e-08 9.999999999999999547e-08 9.999999999999999547e-08
1.668100537200059108e+01 9.999999999999999547e-08 9.999999999999999547e-08 9.999999999999999547e-08 9.999999999999999547e-08
1.707352647470690599e+01 9.999999999999999547e-08 9.999999999999999547e-08 9.999999999999999547e-08 9.999999999999999547e-08
1.747528400007684013e+01 9.999999999999999547e-08 9.999999999999999547e-08 9.999999999999999547e-08 9.999999999999999547e-08
1.788649529057435217e+01 9.999999999999999547e-08 9.999999999999999547e-08 9.999999999999999547e-08 9.999999999999999547e-08
1.830738280295367915e+01 9.999999999999999547e-08 9.999999999999999547e-08 9.999999999999999547e-08 9.999999999999999547e-08
1.873817422860383886e+01 9.999999999999999547e-08 9.999999999999999547e-08 9.999999999999999547e-08 9.999999999999999547e-08
1.917910261672488659e+01 9.999999999999999547e-08 9.999999999999999547e-08 9.999999999999999547e-08 9.999999999999999547e-08
1.963040650040270307e+01 9.999999999999999547e-08 9.999999999999999547e-08 9.999999999999999547e-08 9.999999999999999547e-08
2.009233002565046888e+01 9.999999999999999547e-08 9.999999999999999547e-08 9.999999999999999547e-08 9.999999999999999547e-08
2.056512308348651530e+01 9.999999999999999547e-08 9.999999999999999547e-08 9.999999999999999547e-08 9.999999999999999547e-08
2.104904144512020636e+01 9.999999999999999547e-08 9.999999999999999547e-08 9.999999999999999547e-08 9.999999999999999547e-08
2.154434690031884614e+01 9.999999999999999547e-08 9.999999999999999547e-08 9.999999999999999547e-08 9.999999999999999547e-08
2.205130739903045622e+01 9.999999999999999547e-08 9.999999999999999547e-08 9.999999999999999547e-08 9.999999999999999547e-08
2.257019719633920474e+01 9.999999999999999547e-08 9.999999999999999547e-08 9.999999999999999547e-08 9.999999999999999547e-08
2.310129700083160387e+01 9.999999999999999547e-08 9.999999999999999547e-08 9.999999999999999547e-08 9.999999999999999547e-08
2.364489412645407285e+01 9.999999999999999547e-08 9.999999999999999547e-08 9.999999999999999547e-08 9.999999999999999547e-08
2.420128264794382034e+01 9.999999999999999547e-08 9.999999999999999547e-08 9.999999999999999547e-08 9.999999999999999547e-08
2.477076355991711409e+01 9.999999999999999547e-08 9.999999999999999547e-08 9.999999999999999547e-08 9.999999999999999547e-08
2.535364493970111255e+01 9.999999999999999547e-08 9.999999999999999547e-08 9.999999999999999547e-08 9.999999999999999547e-08
2.595024211399735847e+01 9.999999999999999547e-08 9.999999999999999547e-08 9.999999999999999547e-08 9.999999999999999547e-08
2.656087782946686815e+01 9.999999999999999547e-08 9.999999999999999547e-08 9.999999999999999547e-08 9.999999999999999547e-08
2.718588242732939975e+01 9.999999999999999547e-08 9.999999999999999547e-08 9.999999999999999547e-08 9.999999999999999547e-08
2.782559402207124322e+01 9.999999999999999547e-08 9.999999999999999547e-08 9.999999999999999547e-08 9.999999999999999547e-08
2.848035868435801987e+01 9.999999999999999547e-08 9.999999999999999547e-08 9.999999999999999547e-08 9.999999999999999547e-08
2.915053062825177221e+01 9.999999999999999547e-08 9.999999999999999547e-08 9.999999999999999547e-08 9.999999999999999547e-08
2.983647240283340452e+01 9.999999999999999547e-08 9.999999999999999547e-08 9.999999999999999547e-08 9.999999999999999547e-08
3.053855508833415655e+01 9.999999999999999547e-08 9.999999999999999547e-08 9.999999999999999547e-08 9.999999999999999547e-08
3.125715849688236858e+01 9.999999999999999547e-08 9.999999999999999547e-08 9.999999999999999547e-08 9.999999999999999547e-08
3.199267137797384564e+01 9.999999999999999547e-08 9.999999999999999547e-08 9.999999999999999547e-08 9.999999999999999547e-08
3.274549162877728037e+01 9.999999999999999547e-08 9.999999999999999547e-08 9.999999999999999547e-08 9.999999999999999547e-08
3.351602650938842487e+01 9.999999999999999547e-08 9.999999999999999547e-08 9.999999999999999547e-08 9.999999999999999547e-08
3.430469286314919231e+01 9.999999999999999547e-08 9.999999999999999547e-08 9.999999999999999547e-08 9.999999999999999547e-08
3.511191734215130822e+01 9.999999999999999547e-08 9.999999999999999547e-08 9.999999999999999547e-08 9.999999999999999547e-08
3.593813663804627367e+01 9.999999999999999547e-08 9.999999999999999547e-08 9.999999999999999547e-08 9.999999999999999547e-08
3.678379771828634404e+01 9.999999999999999547e-08 9.999999999999999547e-08 9.999999999999999547e-08 9.999999999999999547e-08
3.764935806792467332e+01 9.999999999999999547e-08 9.999999999999999547e-08 9.999999999999999547e-08 9.999999999999999547e-08
3.853528593710529293e+01 9.999999999999999547e-08 9.999999999999999547e-08 9.999999999999999547e-08 9.999999999999999547e-08
3.944206059437656364e+01 9.999999999999999547e-08 9.999999999999999547e-08 9.999999999999999547e-08 9.999999999999999547e-08
4.037017258596554115e+01 9.999999999999999547e-08 9.999999999999999547e-08 9.999999999999999547e-08 9.999999999999999547e-08
4.132012400115338835e+01 9.999999999999999547e-08 9.999999999999999547e-08 9.999999999999999547e-08 9.999999999999999547e-08
4.229242874389498752e+01 9.999999999999999547e-08 9.999999999999999547e-08 9.999999999999999547e-08 9.999999999999999547e-08
4.328761281083059487e+01 9.999999999999999547e-08 9.999999999999999547e-08 9.999999999999999547e-08 9.999999999999999547e-08
4.430621457583882261e+01 9.999999999999999547e-08 9.999999999999999547e-08 9.999999999999999547e-08 9.999999999999999547e-08
4.534878508128581842e+01 9.999999999999999547e-08 9.999999999999999547e-08 9.999999999999999547e-08 9.999999999999999547e-08
4.641588833612780007e+01 9.999999999999999547e-08 9.999999999999999547e-08 9.999999999999999547e-08 9.999999999999999547e-08
4.750810162102798273e+01 9.999999999999999547e-08 9.999999999999999547e-08 9.999999999999999547e-08 9.999999999999999547e-08
4.862601580065353346e+01 9.999999999999999547e-08 9.999999999999999547e-08 9.999999999999999547e-08 9.999999999999999547e-08
4.977023564332111505e+01 9.999999999999999547e-08 9.999999999999999547e-08 9.999999999999999547e-08 9.999999999999999547e-08
5.094138014816380178e+01 9.999999999999999547e-08 9.999999999999999547e-08 9.999999999999999547e-08 9.999999999999999547e-08
5.214008287999684654e+01 9.999999999999999547e-08 9.999999999999999547e-08 9.999999999999999547e-08 9.999999999999999547e-08
5.336699231206309690e+01 9.999999999999999547e-08 9.999999999999999547e-08 9.999999999999999547e-08 9.999999999999999547e-08
5.462277217684342645e+01 9.999999999999999547e-08 9.999999999999999547e-08 9.999999999999999547e-08 9.999999999999999547e-08
5.590810182512222326e+01 9.999999999999999547e-08 9.999999999999999547e-08 9.999999999999999547e-08 9.999999999999999547e-08
5.722367659350219782e+01 9.999999999999999547e-08 9.999999999999999547e-08 9.999999999999999547e-08 9.999999999999999547e-08
5.857020818056667366e+01 9.999999999999999547e-08 9.999999999999999547e-08 9.999999999999999547e-08 9.999999999999999547e-08
5.994842503189408944e+01 9.999999999999999547e-08 9.999999999999999547e-08 9.999999999999999547e-08 9.999999999999999547e-08
6.135907273413175744e+01 9.999999999999999547e-08 9.999999999999999547e-08 9.999999999999999547e-08 9.999999999999999547e-08
6.280291441834253163e+01 9.999999999999999547e-08 9.999999999999999547e-08 9.999999999999999547e-08 9.999999999999999547e-08
6.428073117284321825e+01 9.999999999999999547e-08 9.999999999999999547e-08 9.999999999999999547e-08 9.999999999999999547e-08
6.579332246575683030e+01 9.999999999999999547e-08 9.999999999999999547e-08 9.999999999999999547e-08 9.999999999999999547e-08
6.734150657750821267e+01 9.999999999999999547e-08 9.999999999999999547e-08 9.999999999999999547e-08 9.999999999999999547e-08
6.892612104349699109e+01 9.999999999999999547e-08 9.999999999999999547e-08 9.999999999999999547e-08 9.999999999999999547e-08
7.054802310718645231e+01 9.999999999999999547e-08 9.999999999999999547e-08 9.999999999999999547e-08 9.999999999999999547e-08
7.220809018385463673e+01 9.999999999999999547e-08 9.999999999999999547e-08 9.999999999999999547e-08 9.999999999999999547e-08
7.390722033525779011e+01 9.999999999999999547e-08 9.999999999999999547e-08 9.999999999999999547e-08 9.999999999999999547e-08
7.564633275546290747e+01 9.999999999999999547e-08 9.999999999999999547e-08 9.999999999999999547e-08 9.999999999999999547e-08
7.742636826811269657e+01 9.999999999999999547e-08 9.999999999999999547e-08 9.999999999999999547e-08 9.999999999999999547e-08
7.924828983539177329e+01 9.999999999999999547e-08 9.999999999999999547e-08 9.999999999999999547e-08 9.999999999999999547e-08
8.111308307896872805e+01 9.999999999999999547e-08 9.999999999999999547e-08 9.999999999999999547e-08 9.999999999999999547e-08
8.302175681319744172e+01 9.999999999999999547e-08 9.999999999999999547e-08 9.999999999999999547e-08 9.999999999999999547e-08
8.497534359086446898e+01 9.999999999999999547e-08 9.999999999999999547e-08 9.999999999999999547e-08 9.999999999999999547e-08
8.697490026177834466e+01 9.999999999999999547e-08 9.999999999999999547e-08 9.999999999999999547e-08 9.999999999999999547e-08
8.902150854450388806e+01 9.999999999999999547e-08 9.999999999999999547e-08 9.999999999999999547e-08 9.999999999999999547e-08
9.111627561154895716e+01 9.999999999999999547e-08 9.999999999999999547e-08 9.999999999999999547e-08 9.999999999999999547e-08
9.326033468832198992e+01 9.999999999999999547e-08 9.999999999999999547e-08 9.999999999999999547e-08 9.999999999999999547e-08
9.545484566618341660e+01 9.999999999999999547e-08 9.999999999999999547e-08 9.999999999999999547e-08 9.999999999999999547e-08
9.770099572992256753e+01 9.999999999999999547e-08 9.999999999999999547e-08 9.999999999999999547e-08 9.999999999999999547e-08
1.000000000000000000e+02 9.999999999999999547e-08 9.999999999999999547e-08 9.999999999999999547e-08 9.999999999999999547e-08
