Mstar = 1mdot, Sigma0 = 500g/cm^2, rcrit = 30AU, Age = 1 Myr
Radius (AU)              Max Size (mm)
1.000000000000000000e+01 3.198585093426585857e+01
1.023531021899026250e+01 3.168326602774401479e+01
1.047615752789664612e+01 3.137775164711210607e+01
1.072267222010323096e+01 3.106931332605678620e+01
1.097498765493056183e+01 3.075795902962272521e+01
1.123324032978027631e+01 3.044369925395746890e+01
1.149756995397735615e+01 3.012654712725254313e+01
1.176811952434998432e+01 2.980651851172503797e+01
1.204503540258782301e+01 2.948363210647038812e+01
1.232846739442065953e+01 2.915790955099989290e+01
1.261856883066020352e+01 2.882937552926150815e+01
1.291549665014884063e+01 2.849805787392455159e+01
1.321941148466028793e+01 2.816398767069217968e+01
1.353047774579806806e+01 2.782719936238646596e+01
1.384886371393873183e+01 2.748773085253333903e+01
1.417474162926805548e+01 2.714562360815403252e+01
1.450828778495939453e+01 2.680092276145098396e+01
1.484968262254465010e+01 2.645367721005534278e+01
1.519911082952933867e+01 2.610393971548280589e+01
1.555676143930472222e+01 2.575176699942345948e+01
1.592282793341092173e+01 2.539721983747021739e+01
1.629750834620644184e+01 2.504036314986896983e+01
1.668100537200059108e+01 2.468126608885209805e+01
1.707352647470690599e+01 2.432000212209571544e+01
1.747528400007684013e+01 2.395664911181956924e+01
1.788649529057435217e+01 2.359128938902748374e+01
1.830738280295367915e+01 2.322400982236599631e+01
1.873817422860383886e+01 2.285490188105817211e+01
1.917910261672488659e+01 2.248406169135107291e+01
1.963040650040270307e+01 2.211159008589608277e+01
2.009233002565046888e+01 2.173759264546481518e+01
2.056512308348651530e+01 2.136217973238693446e+01
2.104904144512020636e+01 2.098546651508154426e+01
2.154434690031884614e+01 2.060757298304174867e+01
2.205130739903045622e+01 2.022862395162092497e+01
2.257019719633920474e+01 1.984874905596034012e+01
2.310129700083160387e+01 1.946808273339316386e+01
2.364489412645407285e+01 1.908676419365545485e+01
2.420128264794382034e+01 1.870493737623559838e+01
2.477076355991711409e+01 1.832275089419698944e+01
2.535364493970111255e+01 1.794035796381588099e+01
2.595024211399735847e+01 1.755791631938721764e+01
2.656087782946686815e+01 1.717558811256798990e+01
2.718588242732939975e+01 1.679353979564634258e+01
2.782559402207124322e+01 1.641194198815126626e+01
2.848035868435801987e+01 1.603096932624795201e+01
2.915053062825177221e+01 1.565080029439962495e+01
2.983647240283340452e+01 1.527161703881962573e+01
3.053855508833415655e+01 1.489360516228541798e+01
3.125715849688236858e+01 1.451695349994112227e+01
3.199267137797384564e+01 1.414185387577682107e+01
3.274549162877728037e+01 1.376850083954148474e+01
3.351602650938842487e+01 1.339709138392146492e+01
3.430469286314919231e+01 1.302782464189995437e+01
3.511191734215130822e+01 1.266090156430226621e+01
3.593813663804627367e+01 1.229652457762963813e+01
3.678379771828634404e+01 1.193489722238875395e+01
3.764935806792467332e+01 1.157622377223614052e+01
3.853528593710529293e+01 1.122070883437541511e+01
3.944206059437656364e+01 1.086855693177126980e+01
4.037017258596554115e+01 1.051997206787582684e+01
4.132012400115338835e+01 1.017515727470144071e+01
4.229242874389498752e+01 9.834314145217224024e+00
4.328761281083059487e+01 9.497642351194974353e+00
4.430621457583882261e+01 9.165339147782701090e+00
4.534878508128581842e+01 8.837598866239023465e+00
4.641588833612780007e+01 8.514612396419691365e+00
4.750810162102798273e+01 8.196566660766126944e+00
4.862601580065353346e+01 7.883644081704065165e+00
4.977023564332111505e+01 7.576022044517658038e+00
5.094138014816380178e+01 7.273872357918126141e+00
5.214008287999684654e+01 6.977360714675073794e+00
5.336699231206309690e+01 6.686646154821752397e+00
5.462277217684342645e+01 6.401880534080028440e+00
5.590810182512222326e+01 6.123208000275436547e+00
5.722367659350219782e+01 5.850764480625290531e+00
5.857020818056667366e+01 5.584677182881373270e+00
5.994842503189408944e+01 5.325064113390634013e+00
6.135907273413175744e+01 5.072033615201923418e+00
6.280291441834253163e+01 4.825683929389860793e+00
6.428073117284321825e+01 4.586102782788382015e+00
6.579332246575683030e+01 4.353367005323456773e+00
6.734150657750821267e+01 4.127542180104642355e+00
6.892612104349699109e+01 3.908682329377677345e+00
7.054802310718645231e+01 3.696829639353235830e+00
7.220809018385463673e+01 3.492014226808399791e+00
7.390722033525779011e+01 3.294253950207195469e+00
7.564633275546290747e+01 3.103554267903190667e+00
7.742636826811269657e+01 2.919908145770151897e+00
7.924828983539177329e+01 2.743296016356568945e+00
8.111308307896872805e+01 2.573685791376218113e+00
8.302175681319744172e+01 2.411032929030668459e+00
8.497534359086446898e+01 2.255280557312590251e+00
8.697490026177834466e+01 2.106359654061675801e+00
8.902150854450388806e+01 1.964189284141018010e+00
9.111627561154895716e+01 1.828676893673580883e+00
9.326033468832198992e+01 1.699718660828750005e+00
9.545484566618341660e+01 1.577199902182817137e+00
9.770099572992256753e+01 1.460995533198075957e+00
1.000000000000000000e+02 1.350970580878627425e+00
