1.000000000000000000e+01 2.458511220114043851e+02
1.023531021899026250e+01 2.435253799536114911e+02
1.047615752789664612e+01 2.411771212368642523e+02
1.072267222010323096e+01 2.388063883944394377e+02
1.097498765493056183e+01 2.364132426476310229e+02
1.123324032978027631e+01 2.339977646724121882e+02
1.149756995397735615e+01 2.315600553752935014e+02
1.176811952434998432e+01 2.291002366771796517e+02
1.204503540258782301e+01 2.266184523039196108e+02
1.232846739442065953e+01 2.241148685821229662e+02
1.261856883066020352e+01 2.215896752386882156e+02
1.291549665014884063e+01 2.190430862023616783e+02
1.321941148466028793e+01 2.164753404055077795e+02
1.353047774579806806e+01 2.138867025841334737e+02
1.384886371393873183e+01 2.112774640740669838e+02
1.417474162926805548e+01 2.086479436010387474e+02
1.450828778495939453e+01 2.059984880622636467e+02
1.484968262254465010e+01 2.033294732969684162e+02
1.519911082952933867e+01 2.006413048431472816e+02
1.555676143930472222e+01 1.979344186776696972e+02
1.592282793341092173e+01 1.952092819366995400e+02
1.629750834620644184e+01 1.924663936132235733e+02
1.668100537200059108e+01 1.897062852283182792e+02
1.707352647470690599e+01 1.869295214726230370e+02
1.747528400007684013e+01 1.841367008143201076e+02
1.788649529057435217e+01 1.813284560697670145e+02
1.830738280295367915e+01 1.785054549327593918e+02
1.873817422860383886e+01 1.756684004582563148e+02
1.917910261672488659e+01 1.728180314962492901e+02
1.963040650040270307e+01 1.699551230713120731e+02
2.009233002565046888e+01 1.670804867032385062e+02
2.056512308348651530e+01 1.641949706640546651e+02
2.104904144512020636e+01 1.612994601665728283e+02
2.154434690031884614e+01 1.583948774795664178e+02
2.205130739903045622e+01 1.554821819645586061e+02
2.257019719633920474e+01 1.525623700291484397e+02
2.310129700083160387e+01 1.496364749917637482e+02
2.364489412645407285e+01 1.467055668526954548e+02
2.420128264794382034e+01 1.437707519662747586e+02
2.477076355991711409e+01 1.408331726090808047e+02
2.535364493970111255e+01 1.378940064391192379e+02
2.595024211399735847e+01 1.349544658409998874e+02
2.656087782946686815e+01 1.320157971522635023e+02
2.718588242732939975e+01 1.290792797661609086e+02
2.782559402207124322e+01 1.261462251063815927e+02
2.848035868435801987e+01 1.232179754694690388e+02
2.915053062825177221e+01 1.202959027309328803e+02
2.983647240283340452e+01 1.173814069113950183e+02
3.053855508833415655e+01 1.144759145994799354e+02
3.125715849688236858e+01 1.115808772285777337e+02
3.199267137797384564e+01 1.086977692050842421e+02
3.274549162877728037e+01 1.058280858862487577e+02
3.351602650938842487e+01 1.029733414063385197e+02
3.430469286314919231e+01 1.001350663504690459e+02
3.511191734215130822e+01 9.731480527613791764e+01
3.593813663804627367e+01 9.451411408325074603e+01
3.678379771828634404e+01 9.173455723423337815e+01
3.764935806792467332e+01 8.897770482668164505e+01
3.853528593710529293e+01 8.624512952191649617e+01
3.944206059437656364e+01 8.353840333377772254e+01
4.037017258596554115e+01 8.085909428300371360e+01
4.132012400115338835e+01 7.820876292360760829e+01
4.229242874389498752e+01 7.558895874876222365e+01
4.328761281083059487e+01 7.300121648484477532e+01
4.430621457583882261e+01 7.044705228346752790e+01
4.534878508128581842e+01 6.792795982250916609e+01
4.641588833612780007e+01 6.544540632837910721e+01
4.750810162102798273e+01 6.300082853296375873e+01
4.862601580065353346e+01 6.059562857992158769e+01
4.977023564332111505e+01 5.823116989620115191e+01
5.094138014816380178e+01 5.590877304583912633e+01
5.214008287999684654e+01 5.362971158423967921e+01
5.336699231206309690e+01 5.139520793223822182e+01
5.462277217684342645e+01 4.920642929028480950e+01
5.590810182512222326e+01 4.706448361404129344e+01
5.722367659350219782e+01 4.497041567355174152e+01
5.857020818056667366e+01 4.292520321890219037e+01
5.994842503189408944e+01 4.092975327591670265e+01
6.135907273413175744e+01 3.898489859593203732e+01
6.280291441834253163e+01 3.709139428402484384e+01
6.428073117284321825e+01 3.524991463023039984e+01
6.579332246575683030e+01 3.346105016826759027e+01
6.734150657750821267e+01 3.172530498605647509e+01
6.892612104349699109e+01 3.004309431187272494e+01
7.054802310718645231e+01 2.841474239931358170e+01
7.220809018385463673e+01 2.684048073333947926e+01
7.390722033525779011e+01 2.532044657849990088e+01
7.564633275546290747e+01 2.385468188904366471e+01
7.742636826811269657e+01 2.244313259894541801e+01
7.924828983539177329e+01 2.108564830795732803e+01
8.111308307896872805e+01 1.978198237761452205e+01
8.302175681319744172e+01 1.853179244869252074e+01
8.497534359086446898e+01 1.733464138894673567e+01
8.697490026177834466e+01 1.618999867706667928e+01
8.902150854450388806e+01 1.509724222567192164e+01
9.111627561154895716e+01 1.405566064288601424e+01
9.326033468832198992e+01 1.306445592856824511e+01
9.545484566618341660e+01 1.212274659770037211e+01
9.770099572992256753e+01 1.122957121974222972e+01
1.000000000000000000e+02 1.038389235903041019e+01
